547.608
511.314
550.497
512.198
554.963
492.69
483.441
498.255
508.555
558.771
455.374
527.223
553.416
526.018
539.441
536.485
523.847
522.742
509.95
518.142
486.317
550.996
535.717
463.681
501.492
512.637
483.576
474.87
489.491
461.983
373.072
348.02
538.325
485.56
439.109
502.449
529.531
538.571
480.04
469.421
518.032
510.669
532.64
544.532
532.666
557.676
486.765
541.5
550.733
559.656
553.766
592.545
562.627
515.766
548.043
537.389
557.591
556.552
553.54
539.684
535.949
554.504
558.388
561.129
543.73
532.062
548.159
511.18
535.291
541.42
518.572
523.178
542.309
525.782
532.931
542.393
520.623
512.434
543.264
520.971
538.648
523.681
537.035
523.392
511.783
514.659
402.901
452.787
500.407
467.441
524.897
504.16
474.845
503.622
485.493
516.075
490.885
498.103
485.965
481.891
480.488
459.68
447.737
479.954
439.251
473.357
496.927
464.867
453.647
482.749
466.386
464.869
484.386
452.75
438.953
453.39
460.283
357.868
435.458
406.763
453.069
439.318
454.76
419.023
459.863
452.714
448.513
383.746
441.226
457.732
436.1
464.921
451.648
407.266
440.125
439.891
457.081
418.596
442.034
433.486
426.718
401.943
430.05
416.984
430.635
424.333
416.032
429.617
404.847
428.606
418.635
414.926
425.069
409.42
416.925
422.139
411.857
393.802
408.825
384.056
381.051
414.398
386.803
394.959
387.56
394.668
371.302
390.089
383.78
371.29
374.42
357.954
377.129
378.187
378.045
369.755
361.71
374.365
363.468
360.747
371.609
367.7
370.883
374.808
372.704
369.663
353.285
365.016
355.046
302.959
313.409
340.623
331.143
336.692
336.132
325.902
339.908
340.488
337.881
333.963
339.095
339.224
331.566
339.09
343.752
344.419
339.173
339.589
335.879
333
328.338
332.261
326.842
330.513
316.432
328.764
312.368
313.835
322.855
318.918
324.84
326.9
314.068
312.164
315.818
305.837
304.958
310.465
294.704
304.159
295.842
307.232
291.936
306.731
299.209
304.088
297.961
304.094
306.281
306.381
294.69
295.845
295.203
299.018
297.323
295.343
284.601
282.738
275.726
277.034
269.448
289.985
271.861
284.024
285.083
271.261
234.387
245.651
276.226
277.811
278.47
281.545
285.65
282.959
278.415
280.56
281.462
278.004
277.484
281.095
277.456
275.775
269.956
274.69
273.714
270.681
273.107
268.934
272.122
268.967
267.458
266.012
266.052
265.029
258.149
262.261
256.459
188.885
211.093
216.537
219.326
232.243
233.224
223.781
215.742
224.888
225.389
245.452
236.96
229.065
226.838
218.859
222.669
223.703
229.939
230.997
233.179
232.237
234.755
232.219
233.868
233.631
231.973
231.265
231.729
221.768
222.804
174.099
158.581
141.454
146.109
173.775
208.612
185.769
165.566
161.443
170.445
174.809
160.732
169.213
180.354
167.232
189.761
201.599
210.577
204.257
203.682
204.741
212.558
205.816
212.927
212.946
213.939
218.268
219.99
218.154
219.019
221.206
218.537
218.652
215.001
212.618
217.845
211.888
216.551
214.546
212.082
212.9
212.714
206.271
54.3964
35.2216
123.927
68.7442
97.2663
119.943
140.605
164.427
190.791
192.67
196.964
200.234
197.77
198.793
199.103
194.905
198.878
198.016
193.393
196.189
193.531
193.245
195.119
191.343
190.356
189.997
189.232
183.882
180.066
178.594
171.13
175.324
173.051
169.626
177.669
173.884
166.214
168.722
175.631
172.008
163.494
166.736
165.897
161.663
164.988
162.515
169.275
167.161
166.651
161.553
154.849
155.536
147.016
143.305
119.373
118.128
108.853
112.485
107.77
122.438
111.956
143.818
133.14
80.0475
128.211
136.344
129.809
138.717
107.514
129.978
126.826
125.392
119.576
134.47
124.424
142.088
132.908
144.866
140.133
140.758
144.377
141.934
144.649
145.263
140.858
145.014
147.224
144.92
144.935
145.09
127.107
141.684
139.268
140.806
114.016
126.165
137.904
141.281
140.095
140.259
137.87
138.147
138.531
139.886
139.421
136.199
118.187
125.083
133.931
133.043
135.553
134.871
133.571
133.712
131.421
129.686
131.499
131.127
129.674
130.142
129.11
122.049
129.324
127.141
127.076
127.691
123.436
121.26
122.817
126.331
121.98
122.403
119.699
109.963
109.33
97.3878
92.497
75.4313
82.9464
55.973
85.839
63.976
78.6725
72.4932
101.711
99.5991
90.0059
72.8055
69.0865
77.473
66.2629
75.8566
75.9118
66.0936
67.0068
69.8541
62.5909
79.0069
59.2386
81.2747
84.3811
88.1912
75.9814
84.5677
76.1135
73.998
74.5697
84.7245
56.4174
53.3793
38.0396
32.8096
22.4696
16.0223
7.29414
20.079
8.98544
11.9351
12.2784
32.7539
41.5685
28.0631
31.9515
20.3165
22.8763
29.226
13.8711
28.5702
21.9277
41.4977
7.50806
46.9543
17.8375
25.8471
36.5247
29.5199
29.356
23.2035
43.2413
32.2163
35.3883
39.8705
39.0534
46.6085
40.9889
47.3126
44.7615
47.1442
68.4667
70.5292
66.2224
78.1983
72.7281
59.9454
57.2721
59.4513
55.0378
65.1935
62.9634
64.8744
60.8604
76.8857
72.8547
68.8894
82.1423
70.6807
82.4543
80.7917
80.3089
83.0892
79.8047
83.7273
84.2002
80.271
83.9664
83.8585
83.29
83.5613
83.2471
82.7029
80.7264
82.6455
79.0302
80.8129
79.3632
75.3711
78.3111
80.0844
79.4752
78.3292
77.8993
79.6173
78.7043
78.9074
79.3085
77.5698
77.9302
76.9639
78.1401
74.3447
76.845
76.756
75.2728
76.4249
74.504
76.3235
75.8251
75.5238
75.3757
73.7536
75.243
74.645
74.6524
72.9142
74.0038
72.7788
73.6697
71.9452
72.7761
72.8752
72.0483
72.1696
72.2733
70.948
71.5797
71.1742
69.0114
70.1716
70.7653
70.2025
69.6759
69.5592
68.9516
68.9777
67.9883
68.3565
67.9969
67.708
66.9724
64.4609
66.5339
64.1018
65.5709
64.207
65.0948
64.4464
62.6757
63.9209
63.4379
58.5734
61.5664
63.1207
62.2789
60.6258
63.5824
58.1495
62.4348
60.0638
60.6827
60.2624
58.7761
55.7824
59.0726
58.1649
55.4212
57.5264
53.0905
52.8632
57.8666
54.1616
51.8157
56.6557
57.0941
45.5721
48.7654
46.3955
44.1149
54.3985
42.8253
43.918
40.7942
42.1272
37.3486
37.7864
36.7339
43.2502
27.1472
39.5309
31.4322
30.9971
37.2143
21.205
31.7931
16.8054
20.7724
15.0266
11.3353
3.45839
12.7414
5.36709
5.89742
9.1339
2.79529
5.87293
4.78193
5.99393
1.57726
7.57691
3.6417
4.09983
2.24415
15.9175
13.3542
6.26816
1.28305
0.594374
5.54616
16.2039
9.93989
18.7408
12.8972
11.0343
12.7371
17.6726
6.10245
6.14246
7.63489
1.76142
15.412
12.2676
6.06873
9.51994
13.9247
14.0126
6.08848
18.2908
15.1802
20.6522
18.9287
22.5579
16.5075
23.7333
24.5745
34.3943
27.598
26.1898
27.2754
29.1798
29.5873
32.0321
35.8094
33.0745
35.6581
35.2248
22.5361
35.2337
37.1141
36.2422
24.9533
39.837
32.5895
32.7073
22.5458
32.9914
30.9073
29.0409
37.253
33.7012
21.6198
31.9882
35.7025
32.0319
36.5952
33.2181
36.2823
32.7983
30.634
37.1626
32.1906
24.7615
33.2006
31.6305
32.5987
32.2693
24.9458
33.6518
37.2584
30.8407
32.4025
31.0581
34.2699
31.6938
30.203
35.7702
30.6283
31.4392
34.7406
34.271
35.3842
33.1814
34.7698
35.6988
34.7445
33.7838
33.0008
34.777
36.3532
31.7245
35.8853
35.8894
34.6735
36.5775
36.0778
33.6714
36.5438
35.7078
36.4369
35.4616
36.1988
35.6934
35.6208
35.2228
35.526
35.2161
34.5136
35.2446
34.8562
34.545
34.4683
34.591
34.206
33.6521
33.6976
33.0869
32.6165
33.0402
32.1639
31.4869
32.1482
30.4465
30.5892
29.2828
27.8198
28.1975
25.5815
27.4801
27.0698
26.5695
25.9109
17.5438
26.8655
28.0091
28.41
28.301
28.4914
28.83
29.4998
29.218
30.1732
29.491
29.1273
28.8753
26.2838
28.5683
29.8403
29.5503
30.4406
29.5156
28.2517
27.4853
28.9178
30.2034
26.522
28.4157
28.1512
27.6864
24.973
23.2641
25.8152
28.9278
23.7613
22.4914
26.602
23.4583
17.0825
25.6567
26.1251
16.3958
22.431
24.0044
16.5453
20.1914
21.3791
17.4811
15.1386
14.3801
19.9954
17.0664
20.4832
12.9921
13.3975
18.0235
17.8862
10.4591
12.5105
19.0564
15.0804
13.4478
12.1045
7.66617
11.1525
4.83797
5.46382
9.1651
7.74897
10.0127
6.94922
8.84445
7.05058
7.93655
6.8662
7.05186
8.13367
5.48411
2.42975
3.41326
1.21047
1.10018
0.0155189
0.128063
0.255492
0.0147415
0.00767588
1.33027e-08
1.36076e-08
1.39186e-08
1.42504e-08
1.45904e-08
1.48976e-08
1.52486e-08
1.56064e-08
1.5977e-08
1.6352e-08
1.6707e-08
1.70969e-08
1.75005e-08
1.79125e-08
1.83387e-08
1.87278e-08
1.91687e-08
1.96216e-08
2.00433e-08
2.05147e-08
2.1e-08
2.14726e-08
2.19177e-08
2.24444e-08
2.29547e-08
0.0047484
2.39471e-08
2.45203e-08
2.50799e-08
2.56196e-08
2.61637e-08
2.67817e-08
2.74098e-08
2.79924e-08
2.86228e-08
2.9205e-08
0.00117345
0.00118287
0.00115052
3.19241e-08
3.26156e-08
3.33271e-08
3.40746e-08
3.48786e-08
3.56256e-08
0.00391895
0.00133294
3.79493e-08
3.87603e-08
0.0048163
0.00805805
0.00141458
4.23596e-08
0.0029165
4.41682e-08
0.00376525
0.00185139
4.71144e-08
0.00574489
0.0197968
0.192842
5.12419e-08
5.23304e-08
0.346255
0.0516824
0.0718841
5.69171e-08
0.0407709
0.0943574
0.650409
0.0269373
0.150975
0.480864
0.350907
0.897667
0.035099
0.651715
1.34896
1.15592
0.0196176
0.976235
0.122374
0.296439
0.815428
0.423236
0.252589
0.788556
1.06566
0.369938
0.37005
0.758901
1.20724
0.932226
0.203208
0.61491
3.30443
2.09499
0.335436
0.0998672
1.01741
2.03071
4.78884
1.72908
2.15652
3.40193
4.39002
5.33144
1.96644
2.19948
3.65515
0.872084
5.38465
3.21428
1.37988
0.629802
1.85979
2.41806
0.731732
0.337097
0.743543
1.34452
3.17482
6.15594
1.73412
0.895776
1.6089
3.96874
1.15917
3.48159
1.47077
4.72277
4.3364
3.56867
3.83502
1.36308
2.36957
6.84802
5.76931
7.93594
5.53374
6.71925
7.90654
7.47567
7.46515
9.91305
7.57594
9.77788
11.633
11.1565
11.7698
7.80888
5.76969
7.70508
12.3815
12.8047
11.7931
7.73678
13.3793
12.5623
12.7795
11.898
10.2225
13.5817
12.1978
11.5947
11.9615
10.8008
12.2502
14.798
12.7909
14.2477
14.326
12.3456
12.8989
12.3857
14.5563
13.7271
12.5766
13.1059
14.6927
14.4192
14.0024
13.3684
13.985
13.8805
14.223
13.896
13.8737
13.9762
13.7235
14.0039
13.514
14.516
14.1474
14.246
13.844
14.2505
14.0896
13.8824
13.8129
14.2143
13.6406
13.9255
13.7163
14.1441
14.0321
13.9295
13.6694
13.9879
13.9165
13.6235
13.392
13.8212
13.4057
13.4414
13.0547
12.9739
12.1568
11.5697
11.7827
11.4597
12.1219
11.7706
12.702
10.6774
11.771
11.9163
12.2564
12.5438
12.0621
12.2767
12.5993
13.0037
12.787
12.5273
12.538
11.5171
12.1556
11.9996
12.4485
12.9909
12.6756
12.9515
12.034
12.3295
12.6987
11.9896
11.7695
10.9875
10.9681
10.9297
11.0847
11.6282
11.9117
11.4521
11.0626
10.8353
10.4975
10.8117
11.1385
11.5232
11.7942
11.9791
11.2921
11.5673
12.0324
11.8837
11.5512
11.6119
11.7688
12.0858
12.1021
11.7291
11.9304
11.892
11.9515
11.9836
11.6508
11.7218
11.5783
11.4263
11.3123
11.385
11.5598
11.0393
10.8004
10.5712
10.2298
10.7581
10.6034
10.6022
10.9352
10.6465
10.2798
11.0384
10.4101
10.6091
10.8527
10.042
10.552
10.5518
10.3166
10.6181
10.4465
10.6172
10.7492
10.6349
10.7395
10.5343
10.1548
10.6315
10.3785
10.3842
8.32174
10.0455
10.3076
9.93319
10.5434
10.1697
9.7024
10.1695
9.94328
10.107
9.65718
9.62519
9.42765
9.99118
9.47534
8.94472
9.45407
9.63981
9.00923
9.94657
9.68548
9.45069
9.79335
9.42437
9.7065
8.05232
9.37282
9.7834
9.1006
9.70658
9.68279
6.88596
9.46834
9.5606
8.76678
7.93135
9.35035
8.95571
8.72231
8.95636
8.72453
8.22765
7.91365
6.91656
9.19493
8.0554
9.00152
8.76958
7.29776
8.00578
7.76171
8.92501
8.74563
8.97777
8.50347
6.10825
8.50168
7.98787
5.48394
7.00678
7.5638
8.35496
7.88034
6.26345
8.4898
8.26769
5.00528
6.40424
7.70075
7.89913
5.25085
5.26891
7.34912
7.74165
5.75192
5.30765
6.32377
7.65752
7.09585
6.29743
6.97772
1.40738
6.38117
7.31296
7.5141
6.08539
5.29068
7.14072
7.43715
4.53193
6.41762
3.46488
6.39428
7.49584
7.2356
5.36439
5.15218
4.06426
6.753
6.01383
2.04914
5.63797
5.04016
5.70066
3.78068
4.36182
6.00292
5.53751
2.386
4.26352
1.94018
4.00641
3.46526
1.37606
4.57112
2.38141
3.14152
4.28049
2.23199
1.05798
1.05641
1.73218
3.73715
3.42578
4.36229
0.838388
1.29288
0.850376
0.486265
0.850859
1.02504
0.802489
1.01938
2.22786
0.263138
0.0045647
0.0174964
0.140283
0.27693
0.571191
0.000217599
0.0259475
0.242023
0.0761866
0.141685
3.04913e-05
0.00835121
0.000675161
0.0606944
0.0230001
9.71552e-05
0.00125294
0.013367
0.000860939
0.000199381
3.45181e-05
3.49356e-05
0.00346202
0.0131204
0.000141326
3.6655e-05
3.71105e-05
3.75542e-05
3.80057e-05
3.84656e-05
3.88474e-05
3.92459e-05
3.9715e-05
4.02069e-05
4.06783e-05
4.11721e-05
4.16664e-05
4.21686e-05
4.26871e-05
4.31941e-05
4.37214e-05
4.4242e-05
4.47817e-05
4.53267e-05
4.58861e-05
4.64255e-05
4.69785e-05
4.75427e-05
4.81221e-05
4.87032e-05
4.91894e-05
4.97006e-05
5.02823e-05
5.08845e-05
5.1507e-05
5.21293e-05
5.27478e-05
5.33943e-05
5.40348e-05
5.46749e-05
5.52226e-05
5.58084e-05
5.64704e-05
5.71378e-05
5.7822e-05
5.85414e-05
5.92228e-05
5.99275e-05
6.0534e-05
6.11335e-05
6.18696e-05
6.26173e-05
6.33638e-05
6.4128e-05
6.49e-05
6.55557e-05
6.62057e-05
6.70103e-05
6.78473e-05
6.86587e-05
6.94528e-05
7.01684e-05
7.08837e-05
7.16967e-05
7.25733e-05
7.34517e-05
7.41606e-05
0.00107294
0.000446385
7.67064e-05
7.76429e-05
7.84078e-05
7.91962e-05
8.01399e-05
0.000666162
0.000258272
8.29382e-05
8.372e-05
8.47182e-05
8.5729e-05
8.65878e-05
8.74785e-05
8.8494e-05
8.95707e-05
9.06294e-05
9.15326e-05
9.24466e-05
9.36051e-05
9.46988e-05
9.56506e-05
9.65767e-05
9.7721e-05
9.87105e-05
9.96771e-05
0.000100898
0.000102095
0.000103107
0.00138751
0.000346223
0.000106616
0.000107683
0.000371375
0.00111801
0.000111141
0.00312814
0.00512424
0.000114723
0.000115904
0.000306747
0.000903617
0.000119616
0.00576214
0.00314175
0.00012373
0.0698962
0.00326278
0.00336725
0.00223599
0.000927851
0.00842899
0.00947416
0.0660624
0.314125
0.00775218
0.000397642
0.080164
0.161894
0.0435557
0.0778702
0.167096
0.317687
0.557648
0.152738
0.16247
0.154251
0.110714
0.0830288
0.130521
0.0557605
0.694437
0.157933
0.615113
0.0592549
0.476404
0.609574
0.728731
1.29671
0.728485
1.46204
2.23302
0.875594
0.426403
1.88078
1.11057
2.18252
1.37987
2.6021
2.36872
2.14419
0.189622
1.72425
2.72739
1.78902
3.20281
2.24554
2.86112
0.490586
2.46935
3.06382
1.07414
2.28263
2.88277
3.21704
2.16234
2.43237
1.81504
1.42284
1.15127
1.25886
1.09024
0.598286
0.423208
0.394571
0.281297
0.326182
0.362714
0.495081
1.0381
1.68588
0.990804
0.806084
0.806409
0.562574
0.639215
0.765536
0.714435
0.457153
0.827279
1.17525
1.1632
1.00216
1.70522
1.84669
1.95576
1.8582
2.63656
2.60608
1.97927
1.89496
2.584
2.62371
3.04434
2.48705
3.07733
3.10046
3.2658
3.27756
2.59586
3.16835
2.15389
2.88874
2.938
2.79846
2.27301
2.76832
3.02095
3.064
2.33795
2.31593
1.95897
2.31032
1.70076
1.82069
1.34373
1.6158
1.93719
1.74124
1.92277
1.97989
2.78105
2.21821
1.81544
1.80763
1.80538
2.03075
1.70848
1.85285
2.07819
2.03562
1.74432
2.14198
2.08287
2.2864
2.32723
2.27427
2.55423
2.32818
2.00224
2.84799
3.01162
2.90371
2.77493
2.63754
2.77933
2.30225
2.68661
2.92196
2.94123
2.78969
2.65705
2.96825
2.7522
2.91305
2.40894
2.95485
2.97049
2.9554
2.99398
2.09987
2.77795
2.96257
2.1946
3.02706
3.04844
2.85473
3.02027
2.97552
3.03046
3.01585
2.62621
2.95902
2.32417
2.9328
3.01342
2.92733
2.81536
2.89525
2.81663
2.29619
2.53238
2.89077
2.95051
2.959
2.54678
2.70624
2.95155
2.86434
2.16935
2.9332
2.90918
2.94425
2.93689
2.91001
2.92457
2.91074
2.423
2.89849
2.89085
2.80783
2.86621
2.88187
2.85966
2.848
2.85608
2.79547
2.752
2.8174
2.6932
2.78472
2.59256
2.3845
2.23446
2.19765
2.47439
2.62038
2.66364
2.71617
2.60405
2.33999
2.4804
2.52067
2.63948
2.35595
1.76818
2.51115
2.15928
2.36694
2.48962
2.04239
2.55048
2.64325
2.57919
2.50206
2.05635
2.43891
2.10243
2.56733
2.58568
2.07182
2.48961
2.58506
2.53432
1.73252
2.38284
1.53504
2.54523
2.27152
1.9299
2.43058
2.46574
2.18369
2.55976
2.5413
2.20281
2.04135
2.33419
2.24624
1.74828
2.0943
1.91117
2.18883
2.25312
2.32762
2.14913
1.88915
2.31705
2.11931
2.24592
2.35394
2.28832
2.41134
2.44617
2.4184
2.37436
2.11863
1.96414
2.31311
2.29701
2.38226
2.29705
2.30429
2.28097
2.26349
2.31855
2.13621
2.17738
2.13822
2.29456
2.32272
2.33644
2.28863
2.13571
2.24351
2.21075
2.27316
2.08199
2.2121
2.13469
2.22844
2.15583
2.21453
2.18723
2.14781
1.94309
2.2472
2.10969
1.86659
2.11316
2.18935
2.11839
2.09177
2.11158
2.1141
1.91376
2.05574
2.01637
1.87628
2.01192
2.13248
2.05137
1.88176
1.67238
2.02191
1.84883
1.83698
2.0841
2.08053
1.85497
1.63727
1.96872
1.97545
1.84615
1.99247
2.02146
1.75452
1.61101
1.87623
2.0047
2.04471
2.0493
1.76784
1.87411
1.52192
1.70707
1.80208
1.98223
1.92539
1.91153
1.80036
1.56531
1.72216
1.59243
1.77651
1.72289
1.4678
1.44441
1.78491
1.62113
1.61518
1.64617
1.70575
1.73762
1.76128
1.59437
1.61553
1.75715
1.59641
1.79698
1.71504
1.76269
1.88755
1.73221
1.92152
1.90726
1.77556
1.37632
1.03357
1.08595
1.47686
1.55545
1.64012
1.195
1.13082
1.39345
1.72961
1.595
1.70258
1.53765
1.6315
1.6823
1.42492
1.46007
1.67632
1.61073
1.42982
1.59189
1.6911
1.55241
1.28037
0.983805
1.16615
1.16728
1.54712
1.4958
1.16092
1.40435
1.2117
1.13796
1.40789
1.06887
1.02504
0.453066
1.05297
1.46281
1.39339
1.14047
1.15899
1.05262
1.22767
1.55853
1.5402
1.33533
1.46444
0.911011
1.40495
1.46037
1.0533
1.24016
0.829914
0.922405
0.328228
0.880398
0.99657
1.24538
1.32001
0.883761
0.851405
0.562885
0.983758
0.934644
0.881992
1.31714
0.640802
0.323381
1.00852
0.301262
0.973752
0.568997
1.15244
1.06685
0.783138
0.666931
1.16081
1.12687
1.0429
0.965563
0.280743
0.812719
1.16323
0.824261
0.110171
0.0190985
0.0318205
0.0506626
0.064179
0.100442
0.136776
0.207818
0.241604
0.274798
0.334611
0.329378
0.335743
0.33539
0.357422
0.371613
0.627994
1.94025
2.72662
3.12094
2.55037
1.49905
1.6301
2.69128
3.39546
5.05438
5.99274
7.30683
8.07507
8.8853
9.61275
10.3518
11.0548
11.7703
12.4915
13.1881
13.8814
14.5663
15.2427
15.9614
16.6273
17.2862
17.9077
18.5243
19.1126
19.7007
20.2196
20.7476
21.2576
21.4738
21.6592
22.3886
20.9257
20.4876
22.6578
17.1914
11.3775
15.7344
11.8749
11.271
11.3947
8.78966
9.01431
10.5124
7.93453
8.9098
7.8807
8.36011
9.19929
12.0116
13.9701
11.2562
12.4285
11.6309
10.7845
8.88683
7.4854
9.05912
9.81489
8.31332
10.5041
9.35273
8.67243
10.4524
9.60759
11.0045
9.02625
10.0343
11.726
10.3989
10.7017
10.8588
14.1365
11.2999
12.0471
10.5851
12.9467
10.7453
13.3041
14.6644
17.378
17.9218
13.1094
15.1022
16.0001
15.381
14.5451
17.4568
19.6946
20.2634
21.2639
20.5943
20.8934
19.8506
21.1943
20.7963
20.8644
20.8
20.6179
20.4493
20.2764
20.0572
19.8451
19.6357
19.4441
19.2353
17.1708
15.2654
13.5867
12.1507
10.8614
9.7145
8.6839
7.75086
6.94677
6.23588
5.59777
5.03003
4.52618
4.08186
3.69357
3.35671
3.05156
2.77709
2.52961
2.30838
2.11064
1.93422
1.77813
1.64023
1.50904
1.38426
1.28375
1.18829
1.09724
1.01838
0.950484
0.885792
0.823821
0.771098
0.720822
