430.136
404.163
438.561
411.271
449.12
401.865
397.311
412.584
424.358
469.75
385.687
449.85
475.637
455.438
470.441
471.22
463.388
465.705
457.492
468.116
442.397
504.654
494.023
430.504
468.738
482.349
457.996
452.718
469.701
446.153
362.623
340.441
529.895
480.948
437.691
503.958
534.342
546.756
490.28
482.401
535.602
531.151
557.477
573.976
564.234
594.302
521.75
583.449
596.707
609.742
606.587
652.641
623.112
574.397
613.689
605.052
631.226
633.441
633.415
620.872
619.87
644.717
652.627
659.271
642.193
631.586
654
613.095
645.363
656.202
631.92
640.729
667.566
650.597
662.904
678.365
654.768
647.892
689.997
664.382
689.656
673.189
693.226
678.517
666.406
673.378
529.378
597.603
663.418
622.514
702.024
677.239
640.633
682.419
660.726
705.42
673.86
686.697
672.826
670.073
671.026
644.795
631.225
680.128
628.484
676.363
713.59
670.505
656.251
700.748
679.294
679.016
710.021
666.029
648.104
671.913
684.609
534.201
652.346
611.529
683.888
665.042
690.8
638.754
703.689
695.147
690.806
593.383
684.28
712.417
681.074
728.562
710.138
642.537
696.68
698.648
728.357
669.357
709.3
698.136
690.001
653.18
701.434
681.471
707.106
698.604
688.006
712.087
672.916
714.639
700.557
696.25
716.618
692.937
708.393
720.106
705.458
677.28
706.004
666
663.564
724.626
679.199
696.436
686.257
701.837
663.094
699.828
692.373
675.238
682.982
654.234
693.651
698.215
700.647
688.349
675.651
701.943
683.393
680.11
702.588
697.082
705.167
714.749
713.144
709.707
681.002
707.174
695.642
602.148
624.453
677.933
662.167
672.804
674.257
659.039
684.396
688.152
683.425
676.696
687.78
688.698
675.087
692.246
703.586
707.255
698.711
701.844
696.489
692.774
685.292
695.718
686.617
696.623
669.139
697.541
664.936
670.233
691.719
685.565
700.598
707.403
681.945
680.139
690.471
671.051
671.699
687.207
658.646
680.149
662.069
688.119
657.333
691.777
675.848
688.673
676.457
692.198
698.654
700.868
675.981
680.512
680.809
691.939
689.94
688.123
667.9
669.506
656.361
661.512
639.556
689.903
654.568
679.318
684.073
654.832
566.363
595.452
669.013
674.574
677.408
685.58
696.865
692.418
683.029
690.114
694.24
687.356
687.793
698.712
691.382
688.969
676.303
690.056
689.438
683.624
691.602
682.799
692.711
686.551
684.575
682.719
684.734
684.059
668.123
680.412
667.413
501.054
557.183
573.806
582.527
617.583
622.495
606.392
589.584
613.227
611.516
660.598
639.419
626.023
620.829
603.132
612.555
614.752
630.496
637.509
642.035
640.144
648.886
639.219
646.97
645.95
640.965
640.998
643.722
620.767
626.377
507.266
470.833
425.116
435.727
508.688
595.006
536.61
489.465
480.055
503.555
512.284
481.115
500.139
532.711
497.544
553.258
581.117
603.889
589.692
590.826
592.962
611.865
591.842
610.259
609.141
610.9
623.913
628.57
623.486
627.254
634.411
627.847
629.32
620.314
614.743
631.086
615.027
630.033
625.479
619.635
623.341
624.262
608.787
186.545
118.133
387.708
224.75
313.661
384.899
447.72
512.671
582.792
587.091
598.475
606.833
599.754
603.985
605.945
594.308
607.748
606.438
593.894
604.043
597.279
598.068
605.604
595.507
594.577
595.627
595.758
585.016
575.449
574.505
553.798
567.039
559.138
550.488
570.894
562.157
548.038
557.214
574.613
566.825
543.126
554.798
554.335
542.975
553.906
544.234
564.526
560.117
559.354
546.72
530.444
535.849
512.491
503.412
431.841
423.15
401.245
410.126
396.153
443.635
406.677
508.25
473.716
305.636
471.412
490.052
471.932
498.634
405.569
474.034
463.506
463.406
444.882
488.274
463.865
513.503
489.337
523.381
511.718
512.94
525.824
520.133
527.005
528.591
515.851
528.392
536.76
528.097
531.78
532.341
467.576
524.725
515.407
521.527
424.278
468.343
514.188
526.821
523.58
525.204
516.484
518.942
521.155
527.531
526.671
515.654
448.412
475.607
510.399
508.086
518.811
517.446
513.472
515.16
507.622
502.03
510.401
509.95
505.634
508.664
505.742
479.992
510.06
501.648
502.821
505.953
493.133
483.828
492.667
504.375
492.01
493.72
486.656
454.787
454.049
416.045
396.922
333.015
362.839
257.334
376.594
297.977
350.606
327.8
437.484
432.855
392.175
330.551
314.181
348.121
307.877
341.689
342.868
306.309
311.32
323.892
293.377
361.136
278.401
371.807
379.137
397.814
350.723
380.732
352.156
347.512
345.994
392.846
275.189
261.392
194.431
173.246
122.647
90.3224
43.5084
109.163
51.8404
68.4438
72.4995
175.147
219.595
149.892
170.913
113.166
124.364
159.324
80.0055
154.941
119.47
221.182
45.9081
250.871
102.592
145.42
199.807
161.654
156.584
130.234
226.312
173.631
190.707
211.171
210.284
242.306
216.459
246.608
235.511
246.885
339.592
352.926
333.107
383.915
363.719
311.096
296.346
307.721
293.294
328.338
328.362
333.95
315.616
383.759
368.298
349.04
405.096
361.807
407.032
400.905
398.512
407.975
399.124
413.052
414.653
400.143
414.468
413.296
412.326
414.075
412.591
411.238
403.827
411.865
400.041
405.073
399.776
378.068
394.353
403.543
402.445
398.373
397.705
403.679
400.863
401.212
403.96
396.098
398.607
394.362
400.669
384.343
395.09
395.487
389.136
395.702
388.816
395.759
394.56
393.24
393.492
386.133
393.313
391.179
391.238
383.054
389.302
383.395
388.954
380.459
385.414
386.674
382.891
384.393
385.448
378.969
382.97
381.54
370.617
377.543
381.334
379.048
376.934
376.967
374.566
375.285
370.663
373.477
372.399
371.613
368.449
355.603
367.774
355.146
364.398
357.819
363.098
361.261
351.231
359.15
358.045
330.667
349.468
356.234
354.172
344.429
359.968
334.341
355.928
345.232
349.913
344.706
340.709
326.751
342.431
336.252
326.704
337.847
317.565
312.418
340.198
321.772
310.711
336.38
337.692
285.313
293.934
287.035
274.413
325.808
268.562
276.4
264.187
266.038
241.091
245.733
240.072
278.479
185.873
256.417
211.004
208.492
248.602
152.862
220.171
120.133
150.806
113.729
86.3949
28.9442
98.0271
43.5505
48.4757
73.8418
24.4231
48.8146
39.4707
49.1027
14.9812
62.92
32.1343
35.5388
20.0806
124.86
106.287
52.8601
11.805
5.57346
48.1776
128.761
81.6177
143.969
101.592
89.0092
103.023
136.538
51.3852
52.9149
65.7525
17.0511
122.124
99.5839
49.7076
80.7195
112.926
110.571
51.6008
144.914
121.523
158.597
147.084
173.605
132.987
179.52
187.772
249.175
206.289
197.679
200.875
217.915
218.923
231.944
256.549
240.777
254.379
253.18
172.996
253.985
261.9
260.062
184.63
280.928
238.975
241.653
175.489
241.162
231.208
221.446
269.931
249.377
171.943
236.764
260.458
242.509
265.494
245.918
267.065
248.216
232.571
272.589
237.68
191.084
247.439
240.996
245.092
242.739
192.752
249.721
274.173
234.184
242.531
232.569
256.216
237.326
232.376
268.066
238.868
241.197
260.74
258.468
265.996
252.027
263.691
266.685
260.803
254.91
252.506
264.129
272.717
245.502
270.797
271.027
263.833
274.93
271.496
259.232
274.808
270.141
274.79
270.173
273.906
270.804
270
269.617
270.53
268.448
264.111
269.791
267.286
265.733
266.371
266.991
264.939
261.591
262.098
258.118
256.427
259.113
253.13
250.072
254.34
244.481
246.716
239.613
226.537
230.921
210.525
223.339
222.759
221.079
212.609
144.888
222.264
230.614
234.309
231.149
234.25
235.313
240.644
239.111
245.612
241.726
239.88
236.854
214.366
234.011
244.215
243.518
249.04
244.643
237.809
233.81
240.89
248.898
227.614
239.118
236.444
235.998
216.247
203.672
225.59
244.084
206.968
200.276
229.384
204.254
157.037
225.11
228.243
153.162
201.604
215.601
157.372
184.402
192.866
164.282
145.016
138.425
184.02
161.3
188.292
129.414
131.732
170.28
172.399
108.235
125.04
181.092
147.508
131.824
120.359
81.9125
115.334
51.887
58.8795
97.5703
80.6397
104.923
75.6659
92.57
77.8451
84.9678
73.4524
79.1812
89.382
61.3839
28.3664
40.9508
15.5003
14.8077
0.267998
1.89783
3.70959
0.240547
0.112158
0.0103165
0.00561603
0
0.000348263
0.000568613
0
0
0
0
0
0
0
0
0
0
0
0
0
0
0
0
0.000978129
0.00263186
0.0053403
0.000304216
0.0280295
0
0.000590553
0
0
0
0
0
0
0.00164384
0
0.0144972
0.0109887
0.020304
0.00064953
0.0025823
0.000887685
0
0
0.000692775
0.0730435
0.0146102
0
0
0.0882165
0.140568
0.0222963
4.83262e-05
0.0820474
0
0.0667215
0.0331024
0.00887384
0.1069
0.320769
3.03152
0.00711783
0.00456836
5.20274
0.788283
1.20946
0.00708871
0.695712
1.28814
9.58092
0.335985
2.47221
7.04237
5.04897
12.5427
0.590532
9.48362
18.7184
15.9418
0.265457
14.1301
1.89233
4.27778
11.3572
6.05034
3.62776
11.14
14.7894
5.31938
5.62962
11.1929
16.7688
13.4533
3.07081
8.85093
45.1286
28.8812
5.17457
1.46318
14.9163
28.2885
62.9399
24.0048
29.3041
46.0659
58.222
70.286
26.5044
31.1767
49.1021
12.7379
70.8989
42.5569
20.1142
9.88416
25.8418
33.568
11.0851
5.39238
11.1032
19.87
42.9798
80.3355
24.3896
13.0687
22.548
54.0192
17.0173
47.9697
21.0677
63.5892
57.7292
47.7921
53.1398
18.6181
32.7397
88.7975
75.529
101.386
73.5241
85.2755
99.197
95.6875
96.3244
123.163
98.6702
121.78
140.321
141.113
144.528
100.761
74.8529
99.9469
149.195
155.003
143.569
99.0548
162.465
152.475
152.643
144.961
125.764
162.775
146.415
143.441
144.78
136.944
150.279
174.067
154.482
169.796
170.931
151.488
158.433
151.225
173.505
164.902
153.686
159.366
174.493
171.617
167.539
161.968
168.576
167.67
169.666
167.512
165.568
167.412
165.778
168.74
165.001
173.456
170.536
171.316
166.218
170.757
169.237
167.598
168.156
170.9
164.454
167.816
165.032
170.435
169.093
168.471
165.457
169.575
169.05
166.052
163.714
167.753
163.701
164.105
160.174
159.904
151.031
147.449
147.562
145.156
152.559
145.178
157.297
133.514
147.343
149.552
153.084
156.479
150.097
153.369
156.445
161.336
158.987
156.356
155.52
142.917
151.639
149.149
156.102
161.942
159.1
161.898
150.901
155.845
159.715
151.736
149.694
141.798
140.464
139.548
143.004
148.314
151.143
147.755
144.391
143.167
136.236
140.724
143.987
149.082
151.112
153.186
144.164
148.442
153.712
152.693
147.652
148.597
150.757
154.835
155.229
150.921
153.479
152.965
154.029
154.443
150.222
151.78
150.651
148.618
146.583
148.86
150.17
143.702
141.575
138.172
135.662
140.663
139.175
139.779
143.37
140.532
137.171
145.264
138.831
140.63
143.961
133.976
141.011
140.949
139.315
141.446
140.759
142.456
143.69
141.815
143.609
142.039
138.645
142.578
139.962
139.848
116.799
136.707
138.81
136.098
142.136
138.567
132.229
137.922
136.141
137.801
132.681
132.932
130.703
135.892
130.024
123.108
129.342
132.402
125.608
136.341
133.494
130.879
134.931
130.706
134.706
114.851
131.728
135.511
128.799
134.882
134.641
103.042
132.534
133.558
124.991
114.291
131.146
126.173
125.136
127.82
124.856
119.401
114.7
101.628
130.295
115.627
128.345
126.417
108.323
116.557
113.12
127.951
125.483
128.448
123.274
90.9051
123.691
116.824
83.6434
104.967
111.637
122.137
116.392
94.8947
123.637
121.14
80.1487
96.5784
114.16
116.451
82.8896
81.1296
110.37
115.133
89.8212
82.2637
97.127
114.936
108.097
98.0044
106.95
25.7183
100.856
111.567
113.657
95.9392
83.2947
109.354
113.509
74.2162
102.479
57.9521
101.725
114.277
111.505
87.3989
82.7322
68.905
105.67
97.5024
36.3282
92.0606
83.6349
93.4602
63.3615
73.9164
97.0163
91.1432
41.9344
72.3287
35.3684
68.4933
59.2552
26.6033
77.7796
41.5019
54.8518
72.8039
40.8953
19.9153
21.0773
33.4921
65.3701
60.318
75.5393
16.7039
24.2574
17.0811
9.77052
16.9741
20.6657
16.3558
19.7197
42.505
5.47914
0.120403
0.348152
3.13367
5.90866
12.1568
0.00426582
0.640344
5.48874
1.84102
3.19892
0.000391673
0.223123
0.0143386
1.47388
0.560711
0.0014242
0.0293794
0.345524
0.0235838
0.00649776
0
0
0.0959854
0.349132
0.0055138
0
0.000456178
7.56784e-05
0
0
0
0
0
0.00015038
0
0
0
0
0
0
0
0
0
0
0.000291852
0
0
0
0
0
0
7.26133e-05
0
0
0
0
0
0
0
0
0
0.000347855
6.98196e-05
0
0
0.000520198
0
0
0
0
0
0
0
0
0
0
0
0
0.000640473
0.00206978
0
0.0027863
0.00401852
0
0
0.000420188
0
0.0286235
0.00908554
0
0
0
0
0
0.0163133
0.00785085
0.00153214
0
0
0
0
0
0
0
0
0
0
0.00025711
0.000292408
4.87335e-05
0
0
0
0
6.42106e-05
6.36319e-05
0
0.0403906
0.00724644
0
0
0.00772706
0.0333798
0
0.0884151
0.151816
0
0.000496141
0.00740824
0.0260579
0
0.163413
0.0734605
0
1.86814
0.0971251
0.102432
0.0670208
0.0268644
0.259744
0.251077
1.65748
7.60222
0.204336
0.0109438
1.87711
4.04289
1.11884
1.6436
3.60585
6.75403
12.0723
3.06173
3.84871
3.11201
2.08454
1.70175
2.52768
0.9346
15.1725
3.31139
13.2876
1.44963
10.2905
12.838
15.1488
26.7874
15.3421
31.633
46.0585
18.5556
9.00277
39.3958
23.3326
45.4206
28.9843
53.6271
48.2007
45.451
4.54069
36.976
57.502
37.7263
65.2032
47.0871
59.0811
11.7618
52.5002
63.0683
24.5665
47.1883
59.7428
65.5349
45.7992
51.1361
39.3601
30.8946
23.1582
26.0723
23.1167
12.3787
9.08673
8.68848
5.94606
6.45713
7.35871
9.12449
20.9117
37.476
19.9243
16.5354
16.6607
11.9205
14.0856
16.2361
15.4716
9.57411
16.8917
25.0062
24.6947
21.2252
37.4658
39.7595
41.6028
39.4252
55.2977
54.8354
43.4605
41.7098
55.0681
55.7862
63.0496
52.0707
63.7329
63.2603
66.2558
66.3751
54.1996
64.8656
45.3395
60.6306
61.2621
58.9727
48.6146
58.0111
62.5281
63.3432
51.7234
49.2063
40.7523
47.6335
34.1048
37.3158
26.9679
33.244
39.8167
35.5912
39.2753
40.2117
57.7628
45.9724
38.4078
37.644
37.1891
42.3774
36.8667
38.4296
45.7611
42.5784
36.9331
46.0058
44.0185
47.3708
49.6367
48.4569
54.8266
50.6101
42.7848
59.5804
62.4493
60.448
58.4098
54.9082
58.2959
49.9857
57.1187
61.1676
61.4595
58.8389
56.5792
61.8147
57.958
61.0407
51.4032
61.522
61.6557
61.7112
62.3262
45.2453
58.8423
61.8593
46.8753
62.7768
63.2815
60.3342
62.8854
62.102
62.915
62.6076
56.0052
61.7966
50.7163
61.4056
62.7057
61.4644
59.6723
60.3463
59.534
49.3101
54.6409
60.7673
61.5272
61.734
54.5252
58.0504
61.675
60.157
47.4529
61.4607
60.9969
61.6547
61.5523
61.1244
61.331
61.1216
52.7379
60.9099
60.8348
59.516
60.4289
60.6938
60.3285
60.0705
60.214
59.229
58.3712
59.5962
57.7412
59.0224
56.0653
51.8995
49.9647
49.1666
54.0028
56.3883
57.1921
57.9641
56.3734
51.9595
54.1363
54.6028
56.5194
51.8762
39.187
53.8309
46.8131
51.2657
53.7403
45.2721
55.2338
56.7013
55.6142
54.4566
46.2485
53.5308
47.032
55.4797
55.8656
46.5672
54.3992
56.03
54.8824
39.6199
52.5892
35.1899
55.3939
50.3909
43.8961
53.0205
53.799
48.6144
55.6185
55.3018
49.8408
45.9962
51.9747
50.3004
39.5012
47.459
43.3833
49.1423
49.8506
51.3302
48.226
42.8495
51.0437
47.7973
50.1642
51.9357
51.0915
53.0875
53.7216
53.2984
52.5522
47.7073
44.7537
51.2505
51.1695
52.7161
51.3884
51.2606
50.7276
50.829
51.597
48.0868
48.8831
48.0941
51.0232
51.6298
51.8932
50.9564
48.2006
50.1675
49.7613
50.7598
47.3408
49.6344
48.09
49.8554
48.655
49.7363
49.2508
48.4825
44.8817
50.5078
47.7777
43.5237
47.9012
49.4301
48.1089
47.583
48.0153
47.9954
44.2135
47.0498
46.2121
43.4465
46.3517
48.5288
46.9349
43.7698
39.8866
46.4488
43.5972
42.7254
47.665
47.7407
43.2709
38.8049
45.7129
45.9963
43.3394
46.0331
46.7953
41.7092
39.0412
43.9759
46.458
47.1979
47.3694
42.0075
43.5389
37.093
41.1478
42.7014
46.0311
45.058
44.6844
42.8569
38.4772
41.0792
38.9435
42.0326
40.844
36.1443
34.7073
42.2931
38.9814
39.1974
39.3803
40.843
41.4719
41.8996
38.5558
39.3448
41.9776
39.3108
42.7915
40.956
42.3918
44.7079
41.8714
45.3486
45.0791
42.6726
33.72
26.5734
26.8223
35.9884
37.9601
39.7974
29.9231
28.226
34.9666
41.4948
38.6068
40.9865
37.3006
39.517
40.9858
35.4235
36.1983
40.6511
39.2642
35.3526
38.8707
40.9287
38.0558
32.257
24.3896
29.4758
29.4206
38.0283
37.045
29.3083
35.3044
30.6687
29.7089
35.3259
27.5898
26.7614
11.4137
27.6307
36.6126
34.8837
30.1619
29.7573
26.2643
30.7656
38.7275
38.2674
34.3533
36.9574
23.2725
35.4919
36.9486
26.1878
32.0431
21.6981
24.6579
7.26861
22.7036
25.9932
32.0317
33.5584
22.7558
23.3175
15.2784
26.5194
24.5508
23.399
33.9857
16.6473
8.9605
26.9206
8.53201
25.7886
15.7884
30.5249
28.5332
21.5012
17.6991
30.341
30.3419
27.1736
25.7662
7.30048
21.8777
30.6517
21.4816
3.10832
0
0
8.53729e-05
0.396126
1.72548
1.34473
2.41108
2.09736
5.42516
7.57006
6.79072
6.29637
5.91758
5.10639
4.83148
3.21243
0.536756
0
0.000412723
0.171087
1.35353
1.42823
0.853246
0.825183
0.366797
0.217386
0.0252017
0.0043012
3.21727e-05
5.14575e-08
0
0
0
0
0
0
0
0
0
0
0
0
0
0
0
0
6.60328e-08
3.12843e-08
0.000225279
0.00376382
0.00086075
0.0129806
0.0265768
0.00993121
0.0913264
0.200828
0.130516
0.190169
0.190188
0.178675
0.203931
0.192113
0.16841
0.187
0.174186
0.177083
0.1654
0.150611
0.0710468
0.0253403
0.0532456
0.0402357
0.0469432
0.0661911
0.0966009
0.117186
0.108176
0.100995
0.105524
0.0891954
0.0929605
0.0930762
0.0806027
0.0823623
0.0722939
0.0779529
0.0705822
0.0605284
0.0644118
0.0602765
0.0577474
0.043767
0.0526899
0.0472198
0.0508003
0.0404734
0.0466104
0.036446
0.0305975
0.0203843
0.0178782
0.0312779
0.0240058
0.0206557
0.0212068
0.0228595
0.0133766
0.0064013
0.00465146
0.00152847
0.00201732
0.00112624
0.00240717
0.000118648
0.000299486
3.18085e-05
6.02294e-08
0
0
0
0
0
0
0
0
2.34495e-05
4.44748e-05
6.20627e-05
1.8759e-05
1.45761e-06
1.12835e-07
7.95371e-09
0
0
0
0
0
0
0
0
0
0
0
0
0
0
0
0
0
0
0
0
0
0
0
0
0
0
0
0
